Left: 142.11147294609447
Right: 143.21430555608072
Up: -36.158194444674116
Down: -37.12885610612682