Left: 142.15147294609447
Right: 143.21430555608072
Up: -36.158194444674116
Down: -36.92885610612682


--
height = 925
width = 1275
--

Removed 9, 10, 12